Dimensions 1
11 12
Feed 1
0 7
Antenna 10
2 6
3 3
3 9
4 2
4 10
6 2
6 10
7 3
7 9
8 6
Null 14
0 1
1 4
2 2
3 0
3 5
6 1
6 5
7 0
8 0
9 0
9 2
9 5
10 0
10 1
Length 1
5 5
Solution 47
0 7 0 8
0 8 1 7
1 7 1 6
1 6 0 5
0 5 0 4
0 4 1 3
1 3 2 4
2 4 3 4
3 4 4 3
4 3 4 2
3 4 2 5
2 5 2 6
3 4 2 3
2 3 3 3
0 8 1 8
1 8 2 7
2 7 3 6
3 6 4 5
4 5 5 4
5 4 6 3
6 3 6 4
6 4 7 4
7 4 7 3
6 3 5 3
5 3 5 2
5 2 6 2
0 8 1 9
1 9 2 10
2 10 3 10
3 10 4 9
4 9 5 9
5 9 6 9
6 9 6 8
6 8 7 7
7 7 8 6
6 9 7 8
7 8 8 9
8 9 7 9
6 9 7 10
7 10 6 11
6 11 6 10
6 9 5 10
5 10 4 11
4 11 4 10
6 9 5 8
5 8 4 8
4 8 3 9
