Dimensions 1
10 10
Feed 1
0 0
Antenna 5
0 1
0 9
4 5
8 1
8 9
Null 21
0 5
2 2
2 3
2 7
3 3
3 8
4 1
4 7
4 9
5 0
5 4
5 8
6 1
6 4
7 2
7 5
7 7
8 4
9 4
9 7
9 8
Length 1
9 4
Solution 42
0 0 1 0
1 0 2 0
2 0 3 0
3 0 4 0
4 0 5 1
5 1 6 2
6 2 7 3
7 3 8 3
8 3 9 2
9 2 9 1
9 1 9 0
9 0 8 0
8 0 8 1
6 2 6 3
6 3 7 4
7 4 8 5
8 5 8 6
8 6 8 7
8 7 8 8
8 8 8 9
1 0 2 1
2 1 3 2
3 2 4 2
4 2 4 3
4 3 3 4
3 4 2 4
2 4 1 5
1 5 1 4
1 4 1 3
1 3 1 2
1 2 1 1
1 1 0 1
1 5 2 5
2 5 2 6
2 6 3 6
3 6 3 5
3 5 4 5
1 5 1 6
1 6 1 7
1 7 1 8
1 8 1 9
1 9 0 9
