Dimensions 1
11 12
Feed 1
0 11
Antenna 5
0 0
0 8
4 4
8 0
8 8
Null 28
0 4
1 6
1 9
1 10
2 11
3 5
4 0
4 9
4 11
5 3
5 5
6 1
6 2
6 3
6 4
6 7
7 8
7 10
7 11
8 1
8 10
8 11
9 0
9 2
9 10
10 3
10 5
10 8
Length 1
11 4
Solution 40
0 11 1 11
1 11 2 10
2 10 2 9
2 9 3 8
3 8 4 7
4 7 5 7
5 7 5 6
5 6 6 6
6 6 6 5
6 5 7 4
7 4 7 3
7 3 7 2
7 2 7 1
7 1 7 0
7 0 8 0
7 4 7 5
7 5 7 6
7 6 7 7
7 7 8 7
8 7 8 8
4 7 3 7
3 7 2 7
2 7 2 6
2 6 2 5
2 5 1 4
1 4 1 3
1 3 1 2
1 2 1 1
1 1 1 0
1 0 0 0
1 4 2 4
2 4 2 3
2 3 3 3
3 3 3 4
3 4 4 4
1 4 1 5
1 5 0 5
0 5 0 6
0 6 0 7
0 7 0 8
