Dimensions 1
12 11
Feed 1
0 0
Antenna 6
6 2
6 4
6 6
6 8
6 10
10 4
Null 25
0 4
0 7
1 0
1 4
1 8
2 6
3 5
4 0
4 2
4 4
4 7
5 3
5 5
5 10
7 0
7 2
8 4
8 9
9 2
9 5
9 7
10 8
11 0
11 6
11 8
Length 1
6 7
Solution 37
0 0 1 1
1 1 2 1
2 1 3 2
3 2 4 3
4 3 5 4
5 4 6 3
6 3 7 4
7 4 7 3
7 3 8 2
8 2 8 1
8 1 7 1
7 1 6 1
6 1 6 2
7 4 8 3
8 3 9 3
9 3 10 3
10 3 11 3
11 3 11 4
11 4 10 4
7 4 7 5
7 5 8 5
8 5 8 6
8 6 7 6
7 6 6 5
6 5 6 4
5 4 4 5
4 5 4 6
4 6 5 6
5 6 5 7
5 7 6 7
6 7 7 8
7 8 7 7
7 7 6 6
7 8 7 9
7 9 6 10
7 8 6 9
6 9 6 8
