Dimensions 1
12 12
Feed 1
0 6
Antenna 10
3 6
4 3
4 9
5 2
5 10
7 2
7 10
8 3
8 9
9 6
Null 21
1 4
1 5
1 6
2 7
2 10
3 4
4 1
6 3
6 11
7 1
7 6
8 0
9 1
9 8
9 11
10 4
10 6
10 7
11 2
11 3
11 10
Length 1
5 6
Solution 46
0 6 0 7
0 7 1 8
1 8 2 9
2 9 3 8
3 8 4 7
4 7 4 6
4 6 4 5
4 5 5 5
5 5 4 4
4 4 5 3
5 3 5 2
4 4 3 5
3 5 3 6
4 4 3 3
3 3 4 3
2 9 3 9
3 9 4 8
4 8 5 7
5 7 5 6
5 6 6 5
6 5 7 4
7 4 7 3
7 3 7 2
6 5 7 5
7 5 8 4
8 4 8 3
2 9 3 10
3 10 4 10
4 10 5 9
5 9 6 9
6 9 7 9
7 9 7 8
7 8 8 7
8 7 9 6
7 9 8 8
8 8 9 9
9 9 8 9
7 9 8 10
8 10 7 11
7 11 7 10
7 9 6 10
6 10 5 11
5 11 5 10
7 9 6 8
6 8 5 8
5 8 4 9
