Dimensions 1
12 12
Feed 1
0 0
Antenna 4
0 8
4 4
8 0
8 8
Null 30
0 2
0 10
1 1
1 3
1 5
1 7
2 3
2 4
2 5
3 4
3 5
3 11
4 9
4 11
5 5
5 11
7 2
7 6
7 10
8 2
8 5
8 10
9 8
10 1
10 4
10 5
10 7
11 0
11 2
11 7
Length 1
4 14
Solution 42
0 0 1 0
1 0 2 1
2 1 3 2
3 2 4 3
4 3 5 4
5 4 6 5
6 5 6 4
6 4 7 3
7 3 8 3
8 3 9 2
9 2 10 3
10 3 11 4
11 4 11 3
11 3 10 2
10 2 11 1
11 1 10 0
10 0 9 1
9 1 8 0
11 4 11 5
11 5 10 6
10 6 9 7
9 7 8 6
8 6 7 7
7 7 8 8
6 5 5 6
5 6 4 7
4 7 3 8
3 8 2 9
2 9 1 10
1 10 0 9
0 9 1 8
1 8 2 7
2 7 1 6
1 6 0 6
0 6 0 7
0 7 0 8
0 9 1 9
1 9 2 8
2 8 3 7
3 7 4 6
4 6 4 5
4 5 4 4
