Dimensions 1
10 12
Feed 1
0 6
Antenna 10
2 6
3 3
3 9
4 2
4 10
6 2
6 10
7 3
7 9
8 6
Null 9
0 5
0 7
0 10
0 11
3 8
3 11
6 11
7 1
8 11
Length 1
6 6
Solution 55
0 6 1 5
1 5 0 4
0 4 0 3
0 3 0 2
0 2 1 2
1 2 0 1
0 1 1 0
1 0 2 0
2 0 1 1
1 1 2 1
2 1 3 1
3 1 4 2
1 1 2 2
2 2 3 2
3 2 3 3
0 3 1 3
1 3 2 3
2 3 3 4
3 4 4 3
4 3 5 2
5 2 5 1
5 1 6 0
6 0 6 1
6 1 6 2
4 3 5 4
5 4 6 4
6 4 7 4
7 4 6 3
6 3 7 3
4 3 4 4
4 4 5 5
5 5 6 5
6 5 7 5
7 5 8 6
0 3 1 4
1 4 2 4
2 4 3 5
3 5 4 5
4 5 4 6
4 6 4 7
4 7 5 7
5 7 6 8
6 8 7 9
4 7 5 8
5 8 6 9
6 9 6 10
4 7 4 8
4 8 5 9
5 9 4 10
4 7 3 7
3 7 2 8
2 8 3 9
4 7 3 6
3 6 2 5
2 5 2 6
